 1.00000000e-01 5.83619668e-02
 1.00000000e-02 5.90889020e-04
 1.00000000e-03 5.90962161e-06
 1.00000000e-04 5.90974898e-08
 1.00000000e-05 5.95397953e-10
 1.00000000e-06 5.69395642e-11
 1.00000000e-07 2.76127121e-10
 1.00000000e-08 2.49657317e-09
 1.00000000e-09 1.41567722e-08
 1.00000000e-10 9.68655300e-08
 1.00000000e-11 1.01335749e-06
 1.00000000e-12 1.01335749e-06
 1.00000000e-13 1.11123638e-03
 1.00000000e-14 8.32768604e-03
 1.00000000e-15 8.04901559e-02
 1.00000000e-16 3.08087903e-01
 1.00000000e-17 1.41831093e+00
 1.00000000e-18 1.41831093e+00
 1.00000000e-19 1.41831093e+00
 1.00000000e-20 1.41831093e+00
